48410000
40170000
29530000
27790000
25370000
24400000
18350000
14920000
14870000
14810000
13910000
13310000
13300000
11430000
10000000
9430000
9070000
8070000
7900000
7890000
7700000
6150000
6080000
5270000
4280000
4220000
4120000
4000000
3980000
3910000
3820000
3630000
3500000
3340000
3310000
3200000
3010000
2900000
2740000
2660000
2440000
2350000
2230000
2170000
2160000
2130000
2010000
2000000
1890000
1890000
1720000
1680000
1680000
1590000
1580000
1550000
1540000
1500000
1420000
1280000
1270000
1260000
1200000
1200000
1060000
1040000
1000000
1000000
1000000
1000000
1000000
1000000
1000000